{
 "cells": [
  {
   "cell_type": "code",
   "execution_count": null,
   "metadata": {},
   "outputs": [],
   "source": [
    "#12. Programs on feedforward network to classify any standard dataset available in the public  domain. "
   ]
  },
  {
   "cell_type": "code",
   "execution_count": 14,
   "metadata": {},
   "outputs": [
    {
     "name": "stdout",
     "output_type": "stream",
     "text": [
      "\n",
      "------------------------\n",
      "data and target\n",
      "------------------------\n",
      "\n",
      "[[ 0.6065484   0.81695766  1.05132077 ... -0.36453805  0.16466507\n",
      "  -0.76780375]\n",
      " [-3.05376438  0.92116205 -1.45832446 ...  0.20437739 -1.55269878\n",
      "  -0.4466992 ]\n",
      " [ 0.60640394  0.68064537  1.02124813 ...  1.03703898 -0.83001099\n",
      "  -0.03599018]\n",
      " ...\n",
      " [-2.30803851 -1.42368943  1.14256392 ... -0.24701649 -0.37911961\n",
      "   0.27610275]\n",
      " [-1.53702887  2.14957042  0.32455352 ...  2.15323347  1.31972591\n",
      "  -0.8797298 ]\n",
      " [ 0.37167029 -0.95543218 -0.1484898  ... -0.6294416   0.14225137\n",
      "   0.78002714]]\n",
      "\n",
      "\n",
      "[1 1 1 0 0 0 0 1 0 1 0 0 0 1 0 1 1 0 1 0 1 1 0 1 0 0 0 1 0 1 0 1 1 0 0 1 1\n",
      " 1 1 1 1 1 0 1 0 0 0 1 1 1 1 0 0 1 0 1 1 1 0 0 1 0 1 1 1 0 0 0 0 1 0 0 1 1\n",
      " 0 1 0 1 0 0 0 0 1 0 1 0 0 0 1 0 0 1 0 0 1 1 1 0 1 0]\n",
      "\n",
      "--------------------------------------\n",
      "predict probability of test data targets \n",
      "--------------------------------------\n",
      "\n",
      "[[3.83840521e-02 9.61615948e-01]\n",
      " [9.97389106e-01 2.61089439e-03]\n",
      " [5.04473656e-02 9.49552634e-01]\n",
      " [6.45990751e-01 3.54009249e-01]\n",
      " [7.53975360e-03 9.92460246e-01]\n",
      " [8.51517495e-01 1.48482505e-01]\n",
      " [9.88147553e-01 1.18524471e-02]\n",
      " [2.30864369e-02 9.76913563e-01]\n",
      " [9.50438594e-01 4.95614063e-02]\n",
      " [9.47549619e-01 5.24503813e-02]\n",
      " [9.99300918e-01 6.99081890e-04]\n",
      " [2.53576024e-01 7.46423976e-01]\n",
      " [2.00687149e-01 7.99312851e-01]\n",
      " [9.97159478e-01 2.84052175e-03]\n",
      " [3.20831303e-02 9.67916870e-01]\n",
      " [8.38872185e-01 1.61127815e-01]\n",
      " [7.60743171e-01 2.39256829e-01]\n",
      " [9.74767785e-01 2.52322150e-02]\n",
      " [9.58846059e-01 4.11539408e-02]\n",
      " [3.95971728e-01 6.04028272e-01]\n",
      " [1.36786818e-01 8.63213182e-01]\n",
      " [2.96420167e-02 9.70357983e-01]\n",
      " [9.94147100e-01 5.85290002e-03]\n",
      " [7.79083961e-01 2.20916039e-01]\n",
      " [3.43594119e-01 6.56405881e-01]]\n",
      "\n",
      "------------------------\n",
      "predict test data targets\n",
      "------------------------\n",
      "\n",
      "0.88\n"
     ]
    }
   ],
   "source": [
    "#feed forword network using created data\n",
    "from sklearn.neural_network import MLPClassifier\n",
    "from sklearn.datasets import make_classification\n",
    "from sklearn.model_selection import train_test_split\n",
    "x,y=make_classification(n_samples=100,random_state=1)\n",
    "print(\"\\n------------------------\\ndata and target\\n------------------------\\n\")\n",
    "print(x)\n",
    "print(\"\\n\")\n",
    "print(y)\n",
    "x_train,x_test,y_train,y_test=train_test_split(x,y,stratify=y,random_state=1)\n",
    "clt=MLPClassifier(random_state=1,max_iter=300).fit(x_train,y_train)\n",
    "print(\"\\n--------------------------------------\\npredict probability of test data targets \\n--------------------------------------\\n\")\n",
    "e=clt.predict_proba(x_test)\n",
    "print(e)\n",
    "print(\"\\n------------------------\\npredict test data targets\\n------------------------\\n\")\n",
    "l=clt.predict(x_test)\n",
    "k=clt.score(x_test,y_test)\n",
    "print(k)\n"
   ]
  },
  {
   "cell_type": "code",
   "execution_count": 24,
   "metadata": {},
   "outputs": [
    {
     "name": "stdout",
     "output_type": "stream",
     "text": [
      "\n",
      "------------------------\n",
      "data and target\n",
      "------------------------\n",
      "\n",
      "[[5.1 3.5 1.4 0.2]\n",
      " [4.9 3.  1.4 0.2]\n",
      " [4.7 3.2 1.3 0.2]\n",
      " [4.6 3.1 1.5 0.2]\n",
      " [5.  3.6 1.4 0.2]\n",
      " [5.4 3.9 1.7 0.4]\n",
      " [4.6 3.4 1.4 0.3]\n",
      " [5.  3.4 1.5 0.2]\n",
      " [4.4 2.9 1.4 0.2]\n",
      " [4.9 3.1 1.5 0.1]\n",
      " [5.4 3.7 1.5 0.2]\n",
      " [4.8 3.4 1.6 0.2]\n",
      " [4.8 3.  1.4 0.1]\n",
      " [4.3 3.  1.1 0.1]\n",
      " [5.8 4.  1.2 0.2]\n",
      " [5.7 4.4 1.5 0.4]\n",
      " [5.4 3.9 1.3 0.4]\n",
      " [5.1 3.5 1.4 0.3]\n",
      " [5.7 3.8 1.7 0.3]\n",
      " [5.1 3.8 1.5 0.3]\n",
      " [5.4 3.4 1.7 0.2]\n",
      " [5.1 3.7 1.5 0.4]\n",
      " [4.6 3.6 1.  0.2]\n",
      " [5.1 3.3 1.7 0.5]\n",
      " [4.8 3.4 1.9 0.2]\n",
      " [5.  3.  1.6 0.2]\n",
      " [5.  3.4 1.6 0.4]\n",
      " [5.2 3.5 1.5 0.2]\n",
      " [5.2 3.4 1.4 0.2]\n",
      " [4.7 3.2 1.6 0.2]\n",
      " [4.8 3.1 1.6 0.2]\n",
      " [5.4 3.4 1.5 0.4]\n",
      " [5.2 4.1 1.5 0.1]\n",
      " [5.5 4.2 1.4 0.2]\n",
      " [4.9 3.1 1.5 0.2]\n",
      " [5.  3.2 1.2 0.2]\n",
      " [5.5 3.5 1.3 0.2]\n",
      " [4.9 3.6 1.4 0.1]\n",
      " [4.4 3.  1.3 0.2]\n",
      " [5.1 3.4 1.5 0.2]\n",
      " [5.  3.5 1.3 0.3]\n",
      " [4.5 2.3 1.3 0.3]\n",
      " [4.4 3.2 1.3 0.2]\n",
      " [5.  3.5 1.6 0.6]\n",
      " [5.1 3.8 1.9 0.4]\n",
      " [4.8 3.  1.4 0.3]\n",
      " [5.1 3.8 1.6 0.2]\n",
      " [4.6 3.2 1.4 0.2]\n",
      " [5.3 3.7 1.5 0.2]\n",
      " [5.  3.3 1.4 0.2]\n",
      " [7.  3.2 4.7 1.4]\n",
      " [6.4 3.2 4.5 1.5]\n",
      " [6.9 3.1 4.9 1.5]\n",
      " [5.5 2.3 4.  1.3]\n",
      " [6.5 2.8 4.6 1.5]\n",
      " [5.7 2.8 4.5 1.3]\n",
      " [6.3 3.3 4.7 1.6]\n",
      " [4.9 2.4 3.3 1. ]\n",
      " [6.6 2.9 4.6 1.3]\n",
      " [5.2 2.7 3.9 1.4]\n",
      " [5.  2.  3.5 1. ]\n",
      " [5.9 3.  4.2 1.5]\n",
      " [6.  2.2 4.  1. ]\n",
      " [6.1 2.9 4.7 1.4]\n",
      " [5.6 2.9 3.6 1.3]\n",
      " [6.7 3.1 4.4 1.4]\n",
      " [5.6 3.  4.5 1.5]\n",
      " [5.8 2.7 4.1 1. ]\n",
      " [6.2 2.2 4.5 1.5]\n",
      " [5.6 2.5 3.9 1.1]\n",
      " [5.9 3.2 4.8 1.8]\n",
      " [6.1 2.8 4.  1.3]\n",
      " [6.3 2.5 4.9 1.5]\n",
      " [6.1 2.8 4.7 1.2]\n",
      " [6.4 2.9 4.3 1.3]\n",
      " [6.6 3.  4.4 1.4]\n",
      " [6.8 2.8 4.8 1.4]\n",
      " [6.7 3.  5.  1.7]\n",
      " [6.  2.9 4.5 1.5]\n",
      " [5.7 2.6 3.5 1. ]\n",
      " [5.5 2.4 3.8 1.1]\n",
      " [5.5 2.4 3.7 1. ]\n",
      " [5.8 2.7 3.9 1.2]\n",
      " [6.  2.7 5.1 1.6]\n",
      " [5.4 3.  4.5 1.5]\n",
      " [6.  3.4 4.5 1.6]\n",
      " [6.7 3.1 4.7 1.5]\n",
      " [6.3 2.3 4.4 1.3]\n",
      " [5.6 3.  4.1 1.3]\n",
      " [5.5 2.5 4.  1.3]\n",
      " [5.5 2.6 4.4 1.2]\n",
      " [6.1 3.  4.6 1.4]\n",
      " [5.8 2.6 4.  1.2]\n",
      " [5.  2.3 3.3 1. ]\n",
      " [5.6 2.7 4.2 1.3]\n",
      " [5.7 3.  4.2 1.2]\n",
      " [5.7 2.9 4.2 1.3]\n",
      " [6.2 2.9 4.3 1.3]\n",
      " [5.1 2.5 3.  1.1]\n",
      " [5.7 2.8 4.1 1.3]\n",
      " [6.3 3.3 6.  2.5]\n",
      " [5.8 2.7 5.1 1.9]\n",
      " [7.1 3.  5.9 2.1]\n",
      " [6.3 2.9 5.6 1.8]\n",
      " [6.5 3.  5.8 2.2]\n",
      " [7.6 3.  6.6 2.1]\n",
      " [4.9 2.5 4.5 1.7]\n",
      " [7.3 2.9 6.3 1.8]\n",
      " [6.7 2.5 5.8 1.8]\n",
      " [7.2 3.6 6.1 2.5]\n",
      " [6.5 3.2 5.1 2. ]\n",
      " [6.4 2.7 5.3 1.9]\n",
      " [6.8 3.  5.5 2.1]\n",
      " [5.7 2.5 5.  2. ]\n",
      " [5.8 2.8 5.1 2.4]\n",
      " [6.4 3.2 5.3 2.3]\n",
      " [6.5 3.  5.5 1.8]\n",
      " [7.7 3.8 6.7 2.2]\n",
      " [7.7 2.6 6.9 2.3]\n",
      " [6.  2.2 5.  1.5]\n",
      " [6.9 3.2 5.7 2.3]\n",
      " [5.6 2.8 4.9 2. ]\n",
      " [7.7 2.8 6.7 2. ]\n",
      " [6.3 2.7 4.9 1.8]\n",
      " [6.7 3.3 5.7 2.1]\n",
      " [7.2 3.2 6.  1.8]\n",
      " [6.2 2.8 4.8 1.8]\n",
      " [6.1 3.  4.9 1.8]\n",
      " [6.4 2.8 5.6 2.1]\n",
      " [7.2 3.  5.8 1.6]\n",
      " [7.4 2.8 6.1 1.9]\n",
      " [7.9 3.8 6.4 2. ]\n",
      " [6.4 2.8 5.6 2.2]\n",
      " [6.3 2.8 5.1 1.5]\n",
      " [6.1 2.6 5.6 1.4]\n",
      " [7.7 3.  6.1 2.3]\n",
      " [6.3 3.4 5.6 2.4]\n",
      " [6.4 3.1 5.5 1.8]\n",
      " [6.  3.  4.8 1.8]\n",
      " [6.9 3.1 5.4 2.1]\n",
      " [6.7 3.1 5.6 2.4]\n",
      " [6.9 3.1 5.1 2.3]\n",
      " [5.8 2.7 5.1 1.9]\n",
      " [6.8 3.2 5.9 2.3]\n",
      " [6.7 3.3 5.7 2.5]\n",
      " [6.7 3.  5.2 2.3]\n",
      " [6.3 2.5 5.  1.9]\n",
      " [6.5 3.  5.2 2. ]\n",
      " [6.2 3.4 5.4 2.3]\n",
      " [5.9 3.  5.1 1.8]]\n",
      "\n",
      "\n",
      "[0 0 0 0 0 0 0 0 0 0 0 0 0 0 0 0 0 0 0 0 0 0 0 0 0 0 0 0 0 0 0 0 0 0 0 0 0\n",
      " 0 0 0 0 0 0 0 0 0 0 0 0 0 1 1 1 1 1 1 1 1 1 1 1 1 1 1 1 1 1 1 1 1 1 1 1 1\n",
      " 1 1 1 1 1 1 1 1 1 1 1 1 1 1 1 1 1 1 1 1 1 1 1 1 1 1 2 2 2 2 2 2 2 2 2 2 2\n",
      " 2 2 2 2 2 2 2 2 2 2 2 2 2 2 2 2 2 2 2 2 2 2 2 2 2 2 2 2 2 2 2 2 2 2 2 2 2\n",
      " 2 2]\n",
      "\n",
      "--------------------------------------\n",
      "predict probability of test data targets \n",
      "--------------------------------------\n",
      "\n",
      "[[2.43238026e-02 6.75244634e-01 3.00431564e-01]\n",
      " [9.53193181e-01 4.67800437e-02 2.67752676e-05]\n",
      " [3.55126264e-05 3.59775849e-02 9.63986902e-01]\n",
      " [2.41633825e-02 6.56046754e-01 3.19789863e-01]\n",
      " [1.50178296e-02 6.16886123e-01 3.68096048e-01]\n",
      " [9.34209784e-01 6.57372914e-02 5.29248005e-05]\n",
      " [1.19326115e-01 7.96345503e-01 8.43283820e-02]\n",
      " [2.66765674e-03 2.92276971e-01 7.05055372e-01]\n",
      " [7.50651202e-03 4.92618532e-01 4.99874956e-01]\n",
      " [6.91756278e-02 7.96021860e-01 1.34802513e-01]\n",
      " [5.70532446e-03 3.93424987e-01 6.00869689e-01]\n",
      " [9.34918009e-01 6.50314730e-02 5.05182319e-05]\n",
      " [9.62217002e-01 3.77668533e-02 1.61443755e-05]\n",
      " [9.34866928e-01 6.50821320e-02 5.09399709e-05]\n",
      " [9.64656537e-01 3.53261210e-02 1.73421223e-05]\n",
      " [2.83084947e-02 6.71061653e-01 3.00629852e-01]\n",
      " [6.29846996e-04 1.41549216e-01 8.57820937e-01]\n",
      " [6.01267943e-02 7.89272843e-01 1.50600362e-01]\n",
      " [2.84644310e-02 6.80571858e-01 2.90963711e-01]\n",
      " [6.39877458e-04 1.45115293e-01 8.54244829e-01]\n",
      " [9.29135377e-01 7.07971310e-02 6.74924050e-05]\n",
      " [8.34773663e-03 4.56529313e-01 5.35122950e-01]\n",
      " [9.28909188e-01 7.10214989e-02 6.93127945e-05]\n",
      " [7.90415138e-04 1.62522006e-01 8.36687579e-01]\n",
      " [1.51424443e-03 2.31019240e-01 7.67466516e-01]\n",
      " [1.76796083e-03 2.39316329e-01 7.58915710e-01]\n",
      " [5.84785810e-04 1.52990560e-01 8.46424654e-01]\n",
      " [6.27866854e-04 1.41073212e-01 8.58298921e-01]\n",
      " [9.18950546e-01 8.09660743e-02 8.33794923e-05]\n",
      " [9.19299416e-01 8.06166133e-02 8.39708689e-05]]\n",
      "\n",
      "------------------------\n",
      "predict test data targets\n",
      "------------------------\n",
      "\n",
      "0.9666666666666667\n"
     ]
    },
    {
     "name": "stderr",
     "output_type": "stream",
     "text": [
      "C:\\Users\\user\\anaconda3\\lib\\site-packages\\sklearn\\neural_network\\_multilayer_perceptron.py:582: ConvergenceWarning: Stochastic Optimizer: Maximum iterations (300) reached and the optimization hasn't converged yet.\n",
      "  warnings.warn(\n"
     ]
    }
   ],
   "source": [
    "#12. Programs on feedforward network to classify any standard dataset available in the public  domain. \n",
    "from sklearn.neural_network import MLPClassifier\n",
    "from sklearn.datasets import load_iris \n",
    "from sklearn.model_selection import train_test_split\n",
    "irisData=load_iris ()\n",
    "x=irisData.data\n",
    "y=irisData.target\n",
    "print(\"\\n------------------------\\ndata and target\\n------------------------\\n\")\n",
    "print(x)\n",
    "print(\"\\n\")\n",
    "print(y)\n",
    "x_train,x_test,y_train,y_test=train_test_split(x,y,test_size=0.2,random_state=42)\n",
    "clt=MLPClassifier(random_state=1,activation='logistic',max_iter=300).fit(x_train,y_train)\n",
    "print(\"\\n--------------------------------------\\npredict probability of test data targets \\n--------------------------------------\\n\")\n",
    "e=clt.predict_proba(x_test)\n",
    "print(e)\n",
    "print(\"\\n------------------------\\npredict test data targets\\n------------------------\\n\")\n",
    "l=clt.predict(x_test)\n",
    "k=clt.score(x_test,y_test)\n",
    "print(k)\n"
   ]
  },
  {
   "cell_type": "code",
   "execution_count": null,
   "metadata": {},
   "outputs": [],
   "source": []
  }
 ],
 "metadata": {
  "kernelspec": {
   "display_name": "Python 3",
   "language": "python",
   "name": "python3"
  },
  "language_info": {
   "codemirror_mode": {
    "name": "ipython",
    "version": 3
   },
   "file_extension": ".py",
   "mimetype": "text/x-python",
   "name": "python",
   "nbconvert_exporter": "python",
   "pygments_lexer": "ipython3",
   "version": "3.8.5"
  }
 },
 "nbformat": 4,
 "nbformat_minor": 4
}
